sampleID	shannon_div	simpson_div	chao_richness	shannon_evenness	obs_richness
E1_GP02_D2_pp02	0.2027	0.9446	26.08	0.06418	24.87
E1_GP02_D2_pp03	0.4292	0.835	24.87	0.1357	23.27
E1_GP02_D2_pp04	0.5519	0.7493	23.98	0.1761	23.09
E1_GP02_D2_pp05	0.2088	0.9368	21.39	0.07355	18.55
E1_GP02_D2_pp06	0.2476	0.9285	27.89	0.07774	24.89
E1_GP02_D2_pp07	0.1994	0.9439	21.99	0.0656	20.38
E1_GP02_D2_pp08	0.2328	0.9359	16.05	0.08941	13.46
E1_GP02_D2_pp09	0.5597	0.7433	17.56	0.2012	16.26
E1_GP02_D2_pp10	0.2132	0.9423	25.3	0.06652	24.14
E1_GP02_D2_pp11	0.2275	0.9315	17.26	0.08369	16.63
E1_GP02_D2_pp12	0.275	0.917	17.33	0.09723	17.12
E1_GP02_D2_pp13	0.1901	0.9476	27.4	0.05881	24.45
E1_GP02_D2_pp14	0.1911	0.9485	26.63	0.05931	26.14
E1_GP02_D2_pp15	0.2811	0.9185	25.91	0.0894	24.08
E1_GP02_D3_pp01	0.255	0.899	5.0	0.0965	5
E1_GP02_D3_pp02	0.05479	0.9847	8.249	0.02692	8.062
E1_GP02_D3_pp03	0.06574	0.9815	8.05	0.03374	7.813
E1_GP02_D3_pp04	0.09919	0.9684	12.35	0.05133	10.1
E1_GP02_D3_pp05	0.07011	0.9814	4.034	0.04739	7.172
E1_GP02_D3_pp06	0.1321	0.9566	7.504	0.06293	12.16
E1_GP02_D3_pp07	0.0608	0.9823	4.0	0.04337	4.0
E1_GP02_D3_pp08	0.1951	0.9276	8.865	0.08997	4.831
E1_GP02_D3_pp09	0.142	0.968	3.0	0.0571	3
E1_GP02_D3_pp10	0.043	0.993	2.0	0.031	2
E1_GP02_D3_pp11	0.02171	0.9975	9.553	0.01352	9.553
E1_GP02_D3_pp12	0.032	0.995	3.0	0.0165	3
E1_GP02_D3_pp13	0.031	1.0	1.0	0.0129	1
E1_GP02_D3_pp14	0.063	0.997	2.0	0.0245	2
E1_GP02_D3_pp15	0.081	0.994	2.0	0.0389	2
E1_GP02_D3_pp16	0.009718	0.9985	4.883	0.00334	4.883
E1_GP02_D3_pp17	0.303	0.916	15.0	0.0929	15
E1_GP02_D3_pp18	0.2181	0.944	8.221	0.07911	10.27
E1_GP02_D8_pp01	0.1977	0.943	17.57	0.07039	16.78
E1_GP02_D8_pp02	0.228	0.9305	13.98	0.08606	14.19
E1_GP02_D8_pp03	0.7181	0.6688	30.59	0.2144	28.52
E1_GP02_D8_pp04	0.2321	0.9319	17.98	0.07854	18.25
E1_GP02_D8_pp06	0.2167	0.9322	15.9	0.07847	16.09
E1_GP02_D8_pp07	0.2479	0.9305	23.27	0.07934	23.06
E1_GP02_D8_pp08	0.2169	0.9367	21.64	0.07229	20.83
E1_GP02_D8_pp09	1.004	0.4525	31.3	0.2991	29.15
E1_GP02_D8_pp11	0.2117	0.9417	24.1	0.06708	22.9
E1_GP02_D8_pp12	0.2318	0.9336	24.27	0.07549	22.06
E1_GP02_D8_pp13	0.4781	0.8095	22.62	0.1543	22.33
E1_GP02_D8_pp14	0.2155	0.9342	15.81	0.07996	14.76
E1_GP02_D8_pp15	0.2728	0.9196	25.69	0.08652	22.96
E1_GP02_D8_pp16	0.2397	0.9313	26.22	0.07431	25.47
E1_GP02_D8_pp17	0.2279	0.9373	22.76	0.0737	22.38
E1_GP02_D8_pp18	0.2379	0.9264	19.21	0.08197	18.72
E1_GP02_D8_pp19	0.7814	0.6504	37.17	0.2221	33.86
E1_GP02_D8_pp20	0.5988	0.7449	24.78	0.1901	24.03
E1_GP02_D8_pp21	0.3374	0.8939	21.4	0.1121	20.08
E1_GP02_D8_pp22	0.253	0.9222	29.47	0.07714	25.63
E1_GP02_D8_pp23	0.2125	0.9415	30.73	0.06497	25.48
E1_GP14_D3_pp01	0.03475	0.9917	12.22	0.01377	9.597
E1_GP14_D3_pp02	0.03663	0.9905	12.42	0.01552	9.499
E1_GP14_D3_pp03	0.901	0.5062	24.68	0.2988	20.43
E1_GP14_D3_pp04	0.0392	0.9903	13.29	0.01627	12.07
E1_GP14_D3_pp05	0.03465	0.9913	15.94	0.01435	11.14
E1_GP14_D3_pp06	0.03746	0.99	13.1	0.01554	9.861
E1_GP14_D3_pp07	0.04175	0.9892	12.37	0.01717	10.12
E1_GP14_D3_pp08	0.03812	0.9893	10.41	0.01782	10.22
E1_GP14_D3_pp09	0.2269	0.92	19.05	0.08418	15.42
E1_GP14_D3_pp10	0.2278	0.9146	17.94	0.08338	16.02
E1_GP14_D3_pp11	0.06205	0.9835	10.16	0.02732	10.23
E1_GP14_D3_pp12	0.07871	0.979	17.84	0.02945	14.59
E1_GP14_D3_pp13	0.05978	0.9845	15.36	0.02284	13.19
E1_GP14_D3_pp14	0.0413	0.9895	16.87	0.01622	12.49
E1_GP14_D3_pp15	0.04114	0.9893	22.55	0.01581	13.81
E1_GP14_D3_pp16	0.03243	0.9916	11.45	0.01402	9.862
E1_GP14_D3_pp17	0.04154	0.9891	15.37	0.01836	10.86
E1_GP14_D3_pp18	0.0396	0.9898	17.1	0.01662	10.49
E1_GP14_D3_pp19	0.1807	0.941	17.24	0.06355	15.39
E1_GP14_D3_pp20	0.095	0.976	3.0	0.0528	3
E1_GP14_D3_pp21	0.04248	0.9893	18.25	0.01577	12.65
E1_GP14_D3_pp22	0.04618	0.9878	13.44	0.01955	11.83
E1_GP14_D3_pp23	0.04896	0.9876	13.91	0.02007	11.18
E1_GP14_D3_pp24	0.0517	0.9863	11.87	0.02133	11.75
E1_GP14_D4_pp01	0.045	0.9884	16.98	0.01841	13.02
E1_GP14_D4_pp02	0.8263	0.4807	31.91	0.249	26.96
E1_GP14_D4_pp03	0.3385	0.8479	26.24	0.1111	20.4
E1_GP14_D4_pp04	0.05568	0.9849	15.61	0.02203	13.19
E1_GP14_D4_pp05	0.6794	0.614	39.16	0.2013	29.55
E1_GP14_D4_pp06	0.06149	0.9835	22.32	0.02336	14.22
E1_GP14_D4_pp07	0.04001	0.9898	19.14	0.01553	12.43
E1_GP14_D4_pp08	0.1433	0.9436	7.031	0.07729	6.36
E1_GP14_D4_pp09	0.4012	0.7922	28.17	0.1244	22.2
E1_GP14_D4_pp10	0.4071	0.804	27.27	0.1351	20.74
E1_GP14_D4_pp11	0.1048	0.966	28.35	0.03534	18.11
E1_GP14_D4_pp12	0.2024	0.9216	19.75	0.07195	15.46
E1_GP14_D4_pp13	0.7526	0.5485	32.73	0.2278	26.97
E1_GP14_D4_pp14	0.6018	0.6615	21.2	0.1972	20.95
E1_GP14_D4_pp15	0.2176	0.9188	30.21	0.07039	21.47
E1_GP14_D4_pp16	0.02284	0.995	14.74	0.01	11.16
E1_GP14_D4_pp17	0.7526	0.5439	33.93	0.2325	25.54
E1_GP14_D4_pp18	0.0451	0.9887	16.28	0.01854	11.79
E1_GP14_D4_pp19	0.04784	0.988	14.94	0.01808	12.7
E1_GP14_D4_pp20	0.03487	0.9911	13.3	0.0148	10.35
E1_GP14_D4_pp21	0.04833	0.9875	13.1	0.01943	11.41
E1_GP14_D4_pp22	0.03761	0.9911	10.87	0.01589	10.37
E1_GP14_D4_pp23	0.04981	0.9872	18.96	0.01923	12.98
E1_GP14_D4_pp24	0.2032	0.9239	15.64	0.07478	15.57
E2_GP27_D8_pp01	0.2335	0.9338	20.94	0.077	20.73
E2_GP27_D8_pp02	0.1899	0.9439	12.49	0.09388	13.39
E2_GP27_D8_pp03	0.1993	0.9393	12.78	0.07812	12.97
E2_GP27_D8_pp04	0.2612	0.9186	19.6	0.08825	19.05
E2_GP27_D8_pp05	0.278	0.9194	21.24	0.09013	21.02
E2_GP27_D8_pp06	0.4598	0.8281	19.07	0.1567	18.76
E2_GP27_D8_pp07	0.8388	0.5469	23.85	0.2668	23.09
E2_GP27_D8_pp08	0.1545	0.9549	13.41	0.05882	13.2
E2_GP27_D8_pp09	0.1962	0.9417	15.22	0.07334	13.67
E2_GP27_D8_pp10	0.2013	0.9435	16.83	0.07055	16.98
E2_GP27_D8_pp11	0.2203	0.935	16.46	0.07951	16.22
E2_GP27_D8_pp12	0.2907	0.9127	23.33	0.0925	23.58
E2_GP27_D8_pp13	0.2092	0.9391	19.93	0.07112	18.9
E2_GP27_D8_pp14	0.1595	0.9536	16.71	0.06418	11.57
E2_GP27_D8_pp15	0.2775	0.9135	16.43	0.09926	15.86
E2_GP27_D8_pp16	0.2119	0.9371	16.29	0.07579	16.42
E2_GP27_D8_pp17	0.2603	0.926	24.36	0.08264	22.97
E2_GP27_D8_pp18	0.2693	0.9219	19.01	0.09173	18.92
E2_GP27_D8_pp19	0.1916	0.9475	22.74	0.06254	22.22
E2_GP27_D8_pp20	0.1443	0.9585	13.16	0.05672	12.92
E2_GP27_D8_pp21	0.1834	0.9456	14.19	0.06953	14.11
E2_GP27_D8_pp22	0.1925	0.9474	18.92	0.06488	18.94
E2_GP27_D8_pp23	0.2112	0.9375	14.98	0.07883	14.93
E2_GP27_D8_pp24	0.2382	0.931	25.54	0.07763	21.65
E2_GP27_D3_pp01	0.123	0.9491	9.458	0.04335	9.458
E2_GP27_D3_pp02	0.1365	0.9645	5.525	0.07238	5.525
E2_GP27_D3_pp03	0.1574	0.9461	6.909	0.07717	6.965
E2_GP27_D3_pp04	0.1006	0.9761	7.295	0.01589	9.188
E2_GP27_D3_pp05	0.1595	0.9475	9.543	0.06942	9.575
E2_GP27_D3_pp06	0.1801	0.9386	11.04	0.07642	10.02
E2_GP27_D3_pp07	0.1776	0.9434	9.206	0.07981	9.206
E2_GP27_D3_pp08	0.09832	0.9749	4.536	0.05496	4.536
E2_GP27_D3_pp09	0.1856	0.9371	8.194	0.08809	8.021
E2_GP27_D3_pp10	0.159	0.956	4.0	0.0726	4
E2_GP27_D3_pp11	0.1852	0.9356	9.455	0.08121	9.307
E2_GP27_D3_pp12	0.1591	0.945	6.116	0.08816	6.116
E2_GP27_D3_pp13	0.1803	0.9453	2.324	0.1106	8.219
E2_GP27_D3_pp14	0.136	0.9648	13.94	0.04327	10.27
E2_GP27_D3_pp15	0.169	0.9409	8.149	0.08041	8.207
E2_GP27_D3_pp16	0.164	0.9452	7.66	0.07775	7.66
E2_GP27_D3_pp17	0.1655	0.9457	7.723	0.0803	8.021
E2_GP27_D3_pp18	0.375	0.8603	14.88	0.1391	15.06
E2_GP27_D3_pp19	0.1712	0.9456	9.206	0.07799	9.206
E2_GP27_D3_pp20	0.1665	0.9417	4.536	0.09204	4.536
E2_GP27_D3_pp21	0.1499	0.9496	7.132	0.07548	7.183
E2_GP27_D3_pp22	0.162	0.954	3.0	0.0705	3
E2_GP27_D3_pp23	0.1458	0.9556	19.01	0.06621	13.76
E2_GP27_D3_pp24	0.1612	0.9448	7.019	0.0813	7.019
E2_GP27_D4_pp01	0.1628	0.943	5.763	0.09178	5.763
E2_GP27_D4_pp02	0.1747	0.9475	10.87	0.07527	10.87
E2_GP27_D4_pp03	0.1697	0.9382	4.0	0.1222	4.0
E2_GP27_D4_pp04	0.1621	0.9443	5.0	0.1014	5.0
E2_GP27_D4_pp05	0.1501	0.9492	6.353	0.08072	6.353
E2_GP27_D4_pp06	0.1887	0.9352	11.08	0.0793	10.2
E2_GP27_D4_pp07	0.1835	0.9413	8.645	0.08356	8.992
E2_GP27_D4_pp08	0.1535	0.9397	5.0	0.09357	5.0
E2_GP27_D4_pp09	0.1623	0.9442	6.116	0.08983	6.116
E2_GP27_D4_pp10	0.174	0.95	4.0	0.0725	4
E2_GP27_D4_pp11	0.1564	0.9484	6.256	0.08523	6.256
E2_GP27_D4_pp12	0.1631	0.9437	8.042	0.07775	8.1
E2_GP27_D4_pp13	0.2858	0.9152	18.29	0.1273	15.41
E2_GP27_D4_pp14	0.4954	0.7592	8.691	0.2113	12.35
E2_GP27_D4_pp15	0.191	0.9416	51.34	0.02792	40.52
E2_GP27_D4_pp16	0.1848	0.9391	11.63	0.07887	11.49
E2_GP27_D4_pp17	0.1675	0.9459	12.93	0.06667	13.57
E2_GP27_D4_pp18	0.1844	0.9345	7.019	0.09592	7.019
E2_GP27_D4_pp19	0.2908	0.9149	22.21	0.07736	64.99
E2_GP27_D4_pp20	0.2429	0.9126	13.77	0.1202	13.77
E2_GP27_D4_pp21	0.2211	0.9314	30.13	0.06596	29.08
E2_GP27_D4_pp22	0.265	0.931	4.0	0.0936	4
E2_GP27_D4_pp23	0.2083	0.9273	11.21	0.08658	11.34
E2_GP27_D4_pp24	0.1749	0.9406	10.24	0.07558	9.958
E2_GP28_D8_pp01	0.2092	0.941	18.69	0.07127	18.4
E2_GP28_D8_pp02	0.273	0.924	13.0	0.0836	13
E2_GP28_D8_pp03	0.1737	0.951	18.43	0.05985	17.96
E2_GP28_D8_pp04	0.1532	0.9553	18.66	0.05328	17.93
E2_GP28_D8_pp05	0.7723	0.6175	19.03	0.2624	18.92
E2_GP28_D8_pp06	0.2368	0.9321	25.51	0.08416	17.66
E2_GP28_D8_pp07	0.7256	0.5944	22.68	0.2379	21.33
E2_GP28_D8_pp08	0.1349	0.9614	11.62	0.0545	11.22
E2_GP28_D8_pp09	0.1788	0.9483	11.9	0.07224	11.9
E2_GP28_D8_pp10	0.2437	0.9245	9.517	0.0918	13.39
E2_GP28_D8_pp11	0.3047	0.8901	11.48	0.1246	11.8
E2_GP28_D8_pp12	0.189	0.947	21.66	0.06236	21.75
E2_GP28_D8_pp13	0.1781	0.9508	19.41	0.06084	18.87
E2_GP28_D8_pp14	0.1803	0.9584	11.21	0.04899	17.47
E2_GP28_D8_pp15	0.1897	0.9469	20.85	0.0632	21.18
E2_GP28_D8_pp16	0.2739	0.9052	23.69	0.09009	21.82
E2_GP28_D8_pp17	0.2101	0.9393	15.99	0.07634	16.19
E2_GP28_D8_pp18	0.2184	0.9358	17.56	0.07738	17.28
E2_GP28_D8_pp19	0.1631	0.9554	17.98	0.05701	17.9
E2_GP28_D8_pp20	0.1333	0.9624	14.54	0.04922	15.59
E2_GP28_D8_pp21	0.1958	0.9427	16.29	0.07183	16.06
E2_GP28_D8_pp22	0.2132	0.94	23.31	0.06788	22.77
E2_GP28_D8_pp23	0.1967	0.9429	18.13	0.06767	19.57
E2_GP28_D8_pp24	0.1908	0.9455	18.24	0.06612	18.42
E2_GP28_D3_pp01	0.2511	0.903	5.086	0.1565	5.086
E2_GP28_D3_pp02	0.2974	0.8816	9.355	0.1272	10.09
E2_GP28_D3_pp03	0.2673	0.8951	6.222	0.1465	6.222
E2_GP28_D3_pp04	0.3721	0.8402	6.256	0.2082	6.256
E2_GP28_D3_pp05	0.3057	0.8813	14.79	0.1157	13.54
E2_GP28_D3_pp06	0.3414	0.8625	9.357	0.1448	11.58
E2_GP28_D3_pp07	0.2923	0.8842	6.048	0.1563	6.048
E2_GP28_D3_pp08	0.2852	0.8862	5.985	0.157	5.985
E2_GP28_D3_pp09	0.3865	0.842	11.31	0.1755	9.503
E2_GP28_D3_pp10	0.3309	0.8658	3.894	0.208	3.894
E2_GP28_D3_pp11	0.3827	0.8479	12.83	0.1554	11.28
E2_GP28_D3_pp12	0.2059	0.9309	10.27	0.08886	10.27
E2_GP28_D3_pp13	0.2223	0.926	12.22	0.08931	12.22
E2_GP28_D3_pp14	0.2876	0.8906	6.518	0.1564	6.518
E2_GP28_D3_pp15	0.2263	0.9244	8.248	0.1119	8.248
E2_GP28_D3_pp16	0.117	0.9639	7.0	0.07097	7.0
E2_GP28_D3_pp17	0.2949	0.9024	14.67	0.107	16.11
E2_GP28_D3_pp18	0.3411	0.8938	27.97	0.09961	27.59
E2_GP28_D3_pp19	0.293	0.9052	14.2	0.1111	14.01
E2_GP28_D3_pp20	0.2745	0.911	12.94	0.1076	12.9
E2_GP28_D4_pp01	0.6961	0.6504	13.77	0.241	13.77
E2_GP28_D4_pp02	0.3933	0.8433	13.37	0.1234	23.11
E2_GP28_D4_pp03	0.1779	0.935	5.119	0.1092	5.119
E2_GP28_D4_pp04	0.1823	0.9328	4.0	0.131	4.0
E2_GP28_D4_pp05	0.1887	0.9336	11.71	0.07702	11.59
E2_GP28_D4_pp06	0.1754	0.9369	7.524	0.09032	7.215
E2_GP28_D4_pp07	0.3393	0.8577	4.95	0.2117	4.95
E2_GP28_D4_pp08	0.1415	0.9522	10.1	0.01675	10.1
E2_GP28_D4_pp09	0.9742	0.4909	7.717	0.312	17.18
E2_GP28_D4_pp10	0.4154	0.8369	19.01	0.1754	8.219
E2_GP28_D4_pp11	0.3716	0.8522	7.347	0.1842	7.347
E2_GP28_D4_pp12	0.2931	0.8986	11.72	0.1315	11.72
E2_GP28_D4_pp13	0.2934	0.8956	8.935	0.1309	9.778
E2_GP28_D4_pp14	0.2035	0.9201	6.0	0.1177	6.0
E2_GP28_D4_pp15	0.426	0.838	7.0	0.171	7
E2_GP28_D4_pp16	0.2525	0.9203	11.72	0.0894	11.72
E2_GP28_D4_pp17	0.2966	0.8813	10.23	0.1364	9.327
E2_GP28_D4_pp18	0.3243	0.8705	11.48	0.123	13.12
E2_GP28_D4_pp19	0.3275	0.8635	9.175	0.1453	9.351
E2_GP28_D4_pp20	0.2662	0.8952	9.317	0.1192	9.003
E2_GP28_D4_pp21	0.2781	0.8942	12.44	0.1127	12.26
E2_GP28_D4_pp22	0.263	0.898	6.0	0.12	6
E2_GP28_D4_pp23	0.2588	0.8987	7.428	0.128	7.461
E2_GP28_D4_pp24	0.2233	0.9156	8.325	0.1071	8.325
E2_GP29_D4_pp01	0.0165	0.9967	18.16	0.006507	11.95
E2_GP29_D4_pp02	0.02498	0.9946	12.67	0.01064	11.07
E2_GP29_D4_pp03	0.01276	0.9975	16.37	0.005456	9.416
E2_GP29_D4_pp04	0.04832	0.9876	2.528	0.03316	3.889
E2_GP29_D4_pp05	0.01356	0.9974	17.88	0.005934	9.464
E2_GP29_D4_pp06	0.01492	0.9971	14.28	0.006628	9.388
E2_GP29_D4_pp07	0.01256	0.9975	17.22	0.005581	9.591
E2_GP29_D4_pp08	0.01922	0.9957	10.14	0.0088	10.75
E2_GP29_D4_pp09	0.392	0.8956	89.05	0.08874	77.94
E2_GP29_D4_pp10	0.01219	0.9976	13.51	0.005408	8.644
E2_GP29_D4_pp11	0.01246	0.9974	17.32	0.005305	9.745
E2_GP29_D4_pp12	0.01218	0.9974	12.26	0.006335	9.367
E2_GP29_D4_pp13	0.01909	0.9961	21.64	0.007408	11.76
E2_GP29_D4_pp14	0.01748	0.9963	16.47	0.00723	11.09
E2_GP29_D4_pp15	0.0225	0.9954	29.69	0.007932	15.3
E2_GP29_D4_pp16	0.01521	0.9969	15.54	0.006145	10.41
E2_GP29_D4_pp17	0.0162	0.9969	19.99	0.006639	12.68
E2_GP29_D4_pp18	0.02886	0.9933	16.76	0.01154	11.55
E2_GP29_D4_pp19	0.01857	0.9961	22.94	0.007142	13.16
E2_GP29_D4_pp20	0.01461	0.9969	11.78	0.006577	8.715
E2_GP29_D4_pp21	0.01378	0.9973	16.87	0.005919	10.07
E2_GP29_D4_pp22	0.01749	0.9963	23.21	0.007156	11.11
E2_GP29_D4_pp23	0.01649	0.997	16.77	0.006839	11.56
E2_GP29_D4_pp24	0.01384	0.9972	16.17	0.005856	10.22
E2_GP29_D5_pp01	0.01251	0.9976	20.69	0.005372	9.943
E2_GP29_D5_pp02	0.01573	0.997	13.6	0.006022	10.24
E2_GP29_D5_pp03	0.01699	0.9965	20.1	0.00662	12.45
E2_GP29_D5_pp04	0.01413	0.9969	20.02	0.00591	9.896
E2_GP29_D5_pp05	0.01698	0.9964	13.12	0.006759	10.14
E2_GP29_D5_pp06	0.01905	0.9962	20.62	0.007376	12.05
E2_GP29_D5_pp07	0.01343	0.9971	16.39	0.005818	9.526
E2_GP29_D5_pp08	0.01815	0.996	9.612	0.008472	8.741
E2_GP29_D5_pp09	0.01241	0.9974	16.07	0.005529	9.493
E2_GP29_D5_pp10	0.01418	0.997	13.9	0.005989	9.657
E2_GP29_D5_pp11	0.01186	0.9975	15.55	0.005035	9.722
E2_GP29_D5_pp12	0.01829	0.9961	16.31	0.007168	11.64
E2_GP29_D5_pp13	0.01161	0.9976	18.33	0.005135	8.95
E2_GP29_D5_pp14	0.01337	0.9975	12.89	0.005997	8.741
E2_GP31_D5_pp01	0.1496	0.9519	8.715	0.06965	8.89
E2_GP31_D5_pp02	0.1434	0.9558	10.29	0.06223	9.988
E2_GP31_D5_pp03	0.023	0.998	2.0	0.012	2
E2_GP31_D5_pp04	0.009	0.999	2.0	0.00637	2
E2_GP31_D5_pp05	0.0	1.0	1.0	0.0	1.0
E2_GP31_D5_pp06	0.01	1.0	1.0	0.00592	1
E2_GP31_D5_pp07	0.03517	0.9911	9.098	0.02362	9.098
E2_GP31_D5_pp09	0.025	0.999	2.0	0.0105	2
E2_GP31_D5_pp10	0.012	1.0	1.0	0.00687	1
E2_GP31_D5_pp11	0.02552	0.9928	4.272	0.01787	4.272
E2_GP31_D5_pp12	0.02651	0.9929	5.344	0.01591	5.398
E2_GP31_D6_pp01	0.01071	0.9977	7.184	0.005708	6.804
E2_GP31_D6_pp02	0.002458	1.0	2.344	0.004116	2.344
E2_GP31_D6_pp03	0.006478	0.9989	4.199	0.004399	4.253
E2_GP31_D6_pp04	0.039	0.994	4.0	0.0169	4
E2_GP31_D6_pp05	0.01571	0.996	4.001	0.01161	4.001
E2_GP31_D6_pp06	0.003536	0.999	2.974	0.003426	2.974
E2_GP31_D6_pp07	0.01502	0.9963	5.031	0.008847	6.53
E2_GP31_D6_pp08	0.007882	0.9983	4.842	0.005188	5.078
E2_GP31_D6_pp09	0.002881	0.9995	2.974	0.002709	2.974
E2_GP31_D6_pp10	0.004116	0.9991	4.338	0.002785	4.04
E2_GP31_D6_pp11	0.02043	0.9948	4.253	0.01483	4.253
E2_GP31_D6_pp12	0.03255	0.9911	5.237	0.01723	5.237
E2_GP31_D6_pp13	0.005401	0.9989	3.131	0.00486	3.131
E2_GP31_D6_pp14	0.003761	0.999	2.974	0.002709	2.974
E3_GP34_D2_pp01	1.114	0.5057	63.67	0.2896	46.23
E3_GP34_D2_pp02	1.063	0.5011	60.15	0.2757	46.24
E3_GP34_D2_pp03	0.5556	0.77	40.29	0.1613	31.12
E3_GP34_D2_pp04	0.3068	0.9041	32.67	0.08675	33.33
E3_GP34_D2_pp05	1.442	0.3604	14.53	0.4809	20.93
E3_GP34_D2_pp06	0.2888	0.884	21.19	0.09555	19.28
E3_GP34_D2_pp07	1.156	0.5145	57.11	0.2995	47.84
E3_GP34_D2_pp08	0.4442	0.8223	41.23	0.1318	30.21
E3_GP34_D2_pp09	0.7983	0.6098	46.81	0.2234	35.37
E3_GP34_D2_pp10	0.08739	0.9742	31.06	0.02867	19.67
E3_GP34_D2_pp11	0.6294	0.7269	45.96	0.1796	34.83
E3_GP34_D2_pp12	0.03154	0.9931	26.14	0.01073	16.62
E3_GP34_D2_pp13	1.01	0.503	58.35	0.259	49.46
E3_GP34_D2_pp14	0.7157	0.6599	31.67	0.2162	27.41
E3_GP34_D3_pp01	0.8862	0.5025	27.86	0.3002	19.41
E3_GP34_D3_pp02	0.03138	0.9926	13.72	0.01227	12.8
E3_GP34_D3_pp03	0.027	0.9941	15.78	0.01011	14.0
E3_GP34_D3_pp04	0.02259	0.9951	14.81	0.009455	10.77
E3_GP34_D3_pp05	0.2425	0.9106	19.89	0.0844	17.71
E3_GP34_D3_pp06	0.0306	0.9931	21.4	0.01131	13.46
E3_GP34_D3_pp07	0.01952	0.9957	22.88	0.007718	13.14
E3_GP34_D3_pp08	0.01685	0.9965	14.19	0.006582	11.2
E3_GP34_D3_pp09	0.7332	0.6204	27.62	0.259	16.69
E3_GP34_D3_pp10	0.2837	0.8756	20.13	0.1081	14.28
E3_GP34_D3_pp11	0.01478	0.9971	14.5	0.006339	9.835
E3_GP34_D3_pp12	0.01512	0.9968	17.83	0.006092	10.39
E3_GP34_D3_pp13	0.02328	0.9951	18.24	0.008793	13.01
E3_GP34_D3_pp14	0.02303	0.9952	15.96	0.009014	12.71
E3_GP34_D3_pp15	0.01376	0.9972	11.62	0.006966	9.274
E3_GP34_D3_pp16	0.3405	0.851	20.98	0.1219	15.86
E3_GP34_D3_pp17	0.09651	0.9714	18.53	0.03568	14.74
E3_GP34_D3_pp18	0.01986	0.9958	23.1	0.007706	12.9
E3_GP34_D3_pp19	0.02004	0.9955	10.8	0.008244	9.872
E3_GP34_D3_pp20	0.02482	0.9946	17.48	0.009243	13.29
E3_GP34_D3_pp21	0.05055	0.9883	21.05	0.01799	17.11
E3_GP34_D3_pp22	0.278	0.883	19.34	0.1007	16.5
E3_GP34_D3_pp23	0.03482	0.9919	20.07	0.01241	15.06
E3_GP34_D3_pp24	0.5481	0.7332	23.27	0.1958	16.13
E3_GP38_D8_pp01	0.3641	0.8786	26.94	0.1118	26.16
E3_GP38_D8_pp02	0.6492	0.6845	18.68	0.2601	16.47
E3_GP38_D8_pp03	0.2344	0.9285	20.13	0.08115	19.83
E3_GP38_D8_pp04	0.5711	0.7311	9.466	0.2406	15.09
E3_GP38_D8_pp05	0.3123	0.9079	22.81	0.1001	22.58
E3_GP38_D8_pp06	0.9899	0.4546	24.05	0.3091	24.97
E3_GP38_D8_pp07	0.1769	0.9518	21.37	0.05889	19.33
E3_GP38_D8_pp08	0.1678	0.95	12.2	0.06678	11.68
E3_GP38_D8_pp09	0.1844	0.9456	14.01	0.06983	13.82
E3_GP38_D8_pp10	0.5343	0.7905	25.33	0.1658	25.04
E3_GP38_D8_pp11	0.8914	0.5441	23.15	0.2861	23.07
E3_GP38_D8_pp12	0.2967	0.9108	22.3	0.09497	21.76
E3_GP38_D8_pp13	0.9458	0.4926	32.41	0.2722	32.41
E3_GP38_D8_pp14	0.2029	0.9483	15.26	0.077	10.65
E3_GP38_D8_pp15	0.2292	0.9301	15.53	0.08322	15.49
E3_GP38_D8_pp16	0.2202	0.9326	19.66	0.0746	19.31
E3_GP38_D8_pp17	0.2835	0.9141	19.38	0.09541	19.5
E3_GP38_D8_pp18	0.2884	0.9165	19.05	0.09646	20.28
E3_GP38_D8_pp19	0.1716	0.9528	22.04	0.05626	21.22
E3_GP38_D8_pp20	0.4273	0.8362	7.106	0.1382	23.4
E3_GP38_D8_pp21	0.1977	0.943	15.99	0.07221	15.74
E3_GP38_D2_pp01	0.03834	0.9915	31.28	0.01319	19.44
E3_GP38_D2_pp02	0.04788	0.989	23.47	0.01631	18.85
E3_GP38_D2_pp03	0.7742	0.5364	30.35	0.2307	27.71
E3_GP38_D2_pp04	0.02788	0.9939	17.91	0.01019	14.2
E3_GP38_D2_pp05	0.0276	0.994	22.24	0.00987	15.25
E3_GP38_D2_pp06	0.02726	0.9942	23.75	0.009837	15.22
E3_GP38_D2_pp07	0.1721	0.943	21.74	0.05774	18.71
E3_GP38_D2_pp08	0.03324	0.9925	12.89	0.01269	12.87
E3_GP38_D2_pp09	0.1667	0.9523	39.99	0.04829	31.87
E3_GP38_D2_pp10	0.4628	0.7927	25.57	0.1481	22.91
E3_GP38_D2_pp11	0.04305	0.9905	19.17	0.01525	17.07
E3_GP38_D2_pp12	0.03083	0.9934	24.87	0.01053	17.04
E3_GP38_D2_pp13	0.1096	0.9678	33.91	0.03445	23.35
E3_GP38_D2_pp14	0.03531	0.9917	13.65	0.01471	12.49
E3_GP38_D2_pp15	0.8208	0.5259	35.2	0.2568	24.08
E3_GP38_D2_pp16	0.01281	0.9974	15.49	0.005646	8.723
E3_GP38_D2_pp17	0.02169	0.9955	18.67	0.008302	13.35
E3_GP38_D2_pp18	0.02168	0.9957	21.21	0.007689	14.66
E3_GP38_D2_pp20	0.02681	0.9946	15.39	0.01012	13.45
E3_GP38_D2_pp21	0.1039	0.9676	24.0	0.03468	18.33
E3_GP38_D3_pp01	0.03167	0.9937	18.23	0.01119	16.68
E3_GP38_D3_pp02	0.01266	0.9974	7.511	0.006348	6.742
E3_GP38_D3_pp03	0.0317	0.9934	16.26	0.01142	16.53
E3_GP38_D3_pp04	0.04709	0.9896	20.76	0.01574	18.4
E3_GP38_D3_pp05	0.05511	0.9862	15.45	0.02021	14.84
E3_GP38_D3_pp06	0.06817	0.98	11.83	0.02722	11.01
E3_GP38_D3_pp07	0.02783	0.994	21.81	0.01017	15.13
E3_GP38_D3_pp08	0.02825	0.9935	12.23	0.01183	11.21
E3_GP38_D3_pp09	0.03599	0.9915	11.79	0.0146	12.12
E3_GP38_D3_pp10	0.02141	0.9957	18.56	0.007968	13.14
E3_GP38_D3_pp11	0.04019	0.991	18.29	0.01397	15.35
E3_GP38_D3_pp12	0.02438	0.9945	15.1	0.009948	11.43
E3_GP38_D3_pp13	0.02339	0.9951	14.6	0.009415	12.49
E3_GP38_D3_pp14	0.0202	0.9957	10.82	0.00862	9.624
E3_GP38_D3_pp15	0.03214	0.9927	15.61	0.01278	13.47
E3_GP38_D3_pp16	0.04069	0.9901	20.69	0.01585	14.2
E3_GP38_D3_pp17	0.01458	0.997	10.79	0.006558	8.559
E3_GP38_D3_pp18	0.01661	0.9966	18.65	0.006437	10.7
E3_GP38_D3_pp19	0.03317	0.9928	20.08	0.0123	14.63
E3_GP38_D3_pp20	0.02027	0.9961	18.0	0.007526	12.6
E3_GP38_D3_pp21	0.0268	0.9944	20.65	0.00989	14.26
E3_GP38_D3_pp22	0.02613	0.9943	19.12	0.009559	13.49
E3_GP40_D2_pp01	0.2345	0.9336	18.12	0.08069	17.92
E3_GP40_D2_pp02	0.2908	0.913	20.05	0.09667	20.28
E3_GP40_D2_pp03	0.229	0.9369	26.65	0.07023	26.51
E3_GP40_D2_pp04	0.1929	0.9473	24.13	0.0621	23.27
E3_GP40_D2_pp05	0.1997	0.9432	22.54	0.07157	18.1
E3_GP40_D2_pp06	0.2193	0.9313	14.67	0.08439	14.19
E3_GP40_D2_pp08	0.2585	0.9233	21.16	0.08688	20.93
E3_GP40_D2_pp09	0.2536	0.9236	18.37	0.08605	19.17
E3_GP40_D2_pp10	0.21	0.9442	29.68	0.06171	30.11
E3_GP40_D2_pp11	0.5157	0.7374	11.76	0.1919	12.42
E3_GP40_D2_pp12	0.2503	0.9294	24.63	0.07824	23.93
E3_GP40_D2_pp13	0.3035	0.9038	22.98	0.08692	23.37
E3_GP40_D2_pp14	0.9026	0.4722	22.41	0.2942	23.0
E3_GP40_D2_pp15	0.2615	0.9202	19.16	0.09004	18.2
E3_GP40_D2_pp16	0.1941	0.9429	17.67	0.06843	17.28
E3_GP40_D2_pp17	0.2567	0.9315	13.81	0.08277	18.49
E3_GP40_D2_pp18	0.2585	0.9237	25.9	0.08037	25.45
E3_GP40_D2_pp19	0.282	0.9155	17.74	0.09422	19.39
E3_GP40_D2_pp20	0.2876	0.9138	19.03	0.09635	19.17
E3_GP40_D2_pp21	0.2539	0.9191	14.64	0.09265	15.35
E3_GP40_D2_pp22	0.166	0.9554	22.4	0.05429	21.93
E3_GP40_D2_pp23	0.5447	0.7315	30.62	0.1739	23.19
E3_GP40_D2_pp24	0.2929	0.9095	24.6	0.092	24.75
E3_GP40_D3_pp01	0.1887	0.9334	11.62	0.08695	11.57
E3_GP40_D3_pp03	0.2403	0.9317	19.4	0.08105	19.99
E3_GP40_D3_pp04	0.207	0.9354	13.13	0.08057	13.05
E3_GP40_D3_pp05	0.211	0.947	15.0	0.0642	15
E3_GP40_D3_pp06	0.2898	0.9102	15.57	0.1061	15.64
E3_GP40_D3_pp07	0.2592	0.9249	13.61	0.07794	12.35
E3_GP40_D3_pp08	0.2861	0.9123	16.16	0.1056	16.32
E3_GP40_D3_pp09	0.2692	0.901	7.388	0.1197	13.29
E3_GP40_D3_pp10	0.1763	0.9528	23.02	0.05614	22.33
E3_GP40_D3_pp11	0.1237	0.9667	14.98	0.05745	12.62
E3_GP40_D3_pp12	0.5532	0.792	28.47	0.1654	28.61
E3_GP40_D3_pp13	0.6264	0.7018	30.09	0.2168	23.62
E3_GP40_D3_pp14	0.6634	0.698	21.33	0.2196	20.57
E3_GP40_D3_pp15	0.3079	0.9107	23.38	0.09846	22.99
E3_GP40_D3_pp16	0.2418	0.9266	18.01	0.08396	17.98
E3_GP40_D3_pp17	0.1837	0.9451	12.29	0.07488	11.37
E3_GP40_D3_pp18	0.4928	0.8178	28.19	0.1466	27.77
E3_GP40_D4_pp01	0.2311	0.9285	16.22	0.08327	16.01
E3_GP40_D4_pp02	0.2153	0.936	15.84	0.07753	15.67
E3_GP40_D4_pp03	0.1837	0.9452	19.85	0.06354	18.58
E3_GP40_D4_pp04	0.1511	0.9565	17.2	0.05468	15.9
E3_GP40_D4_pp05	0.224	0.9342	16.13	0.08109	16.01
E3_GP40_D4_pp06	0.2125	0.9354	17.51	0.07571	17.02
E3_GP40_D4_pp07	0.2082	0.9375	17.6	0.07439	16.83
E3_GP40_D4_pp08	0.1525	0.9561	14.08	0.05747	13.9
E3_GP40_D4_pp09	0.1873	0.9388	10.08	0.08083	10.28
E3_GP40_D4_pp10	0.1556	0.9519	7.952	0.07492	7.952
E3_GP40_D4_pp11	0.1079	0.9753	6.518	0.03696	6.518
E3_GP40_D4_pp12	0.1924	0.937	10.87	0.0963	10.87
E3_GP40_D4_pp13	0.1618	0.953	12.98	0.06248	13.22
E3_GP40_D4_pp14	0.1652	0.9498	12.98	0.06636	12.1
E3_GP40_D4_pp15	0.1499	0.9535	11.4	0.06301	11.65
E3_GP40_D4_pp16	0.1872	0.9443	9.247	0.06361	9.247
E3_GP40_D4_pp17	0.2575	0.9139	9.0	0.1268	9.0
E3_GP40_D4_pp18	0.247	0.934	11.0	0.0777	11
E3_GP40_D4_pp19	0.2336	0.9172	164.0	0.09449	21.75
E3_GP40_D4_pp20	0.2022	0.9386	39.16	0.07005	24.83
E3_GP40_D4_pp21	0.1239	0.9708	9.669	0.05894	11.57
E3_GP40_D4_pp22	0.1959	0.9455	10.14	0.08533	12.62
E3_GP40_D4_pp23	0.2097	0.9409	25.88	0.05622	22.41
E3_GP40_D4_pp24	0.2585	0.9115	14.13	0.1111	9.84
E3_GP40_D8_pp01	0.3014	0.906	18.52	0.1031	18.73
E3_GP40_D8_pp02	0.295	0.9138	23.7	0.09331	23.35
E3_GP40_D8_pp03	0.3352	0.8902	15.88	0.1211	16.06
E3_GP40_D8_pp04	0.5636	0.7745	33.99	0.1665	30.56
E3_GP40_D8_pp05	0.5234	0.7505	9.597	0.1585	25.49
E3_GP40_D8_pp06	0.2491	0.9283	18.87	0.08486	18.85
E3_GP40_D8_pp07	0.219	0.9261	13.51	0.07703	11.28
E3_GP40_D8_pp08	0.244	0.9218	13.47	0.09646	17.26
E3_GP40_D8_pp09	0.2414	0.9279	16.8	0.0854	16.98
E3_GP40_D8_pp10	0.9534	0.4673	27.01	0.29	27.15
E3_GP40_D8_pp11	0.248	0.937	11.0	0.078	11
E3_GP40_D8_pp12	0.2573	0.9209	16.7	0.0925	16.09
E3_GP40_D8_pp13	0.2857	0.9131	16.71	0.1001	16.98
E3_GP40_D8_pp14	0.7493	0.6883	25.56	0.2337	24.71
E3_GP40_D8_pp15	0.2334	0.9226	13.04	0.09419	12.68
E3_GP40_D8_pp16	0.1859	0.9494	25.92	0.05809	24.03
E3_GP40_D8_pp17	0.7359	0.6408	22.65	0.239	22.12
E3_GP40_D8_pp18	0.248	0.9282	21.15	0.0823	20.84
E3_GP40_D8_pp19	0.2968	0.9137	36.2	0.08866	36.9
E3_GP40_D8_pp20	0.2036	0.9403	20.33	0.06913	18.48
E3_GP40_D8_pp21	0.4107	0.8529	18.25	0.1407	18.22
E3_GP40_D8_pp22	0.2485	0.9274	20.99	0.08164	20.84
E3_GP40_D8_pp23	0.7691	0.6479	20.54	0.2309	25.69
E3_GP40_D8_pp24	1.053	0.4951	28.21	0.316	27.64
E3_GP40_D8_pp25	0.3036	0.91	20.04	0.101	20.21
E3_GP44_D3_pp01	0.3181	0.8962	14.94	0.1178	15.22
E3_GP44_D3_pp02	0.2481	0.9127	13.23	0.09916	12.96
E3_GP44_D3_pp03	0.2579	0.9143	20.59	0.08413	21.55
E3_GP44_D3_pp04	0.188	0.936	8.194	0.08862	8.021
E3_GP44_D3_pp05	0.2093	0.9352	18.2	0.04577	18.2
E3_GP44_D3_pp06	0.2545	0.9161	17.32	0.09334	15.86
E3_GP44_D3_pp07	0.3107	0.8908	19.06	0.1141	16.44
E3_GP44_D3_pp08	0.4555	0.8534	9.503	0.174	8.084
E3_GP44_D3_pp09	0.7066	0.6895	19.21	0.237	19.09
E3_GP44_D3_pp11	0.298	0.906	11.0	0.105	11
E3_GP44_D3_pp12	0.322	0.8931	19.98	0.1086	19.54
E3_GP44_D3_pp13	0.2914	0.9034	11.56	0.1141	11.71
E3_GP44_D3_pp14	0.2042	0.9335	13.26	0.08746	18.56
E3_GP44_D2_pp01	1.444	0.325	10.0	0.474	10
E3_GP44_D2_pp02	0.4043	0.8571	15.63	0.1476	15.19
E3_GP44_D2_pp03	0.3596	0.8676	16.08	0.1267	16.86
E3_GP44_D2_pp04	0.3486	0.8843	16.63	0.1254	16.19
E3_GP44_D2_pp05	0.4265	0.8515	21.72	0.1411	20.3
E3_GP44_D2_pp06	0.4783	0.8463	46.98	0.1266	44.83
E3_GP44_D2_pp07	0.3989	0.8687	24.08	0.1274	22.65
E3_GP44_D2_pp08	0.4196	0.8542	14.04	0.1596	14.11
E3_GP44_D4_pp01	0.009431	1.001	3.297	-0.003971	3.297
E3_GP44_D4_pp02	0.02175	0.9973	4.557	0.01103	13.0
E3_GP44_D4_pp03	0.0	1.0	1.0	0.0	1.0
E3_GP44_D4_pp04	0.01186	0.998	53.96	0.007987	28.97
E3_GP44_D4_pp05	0.01856	0.9965	7.4	0.009785	6.843
E3_GP44_D4_pp06	0.0	1.0	1.0	0.0	1.0
E3_GP44_D4_pp07	0.007713	1.0	14.49	0.01292	14.49
E3_GP44_D4_pp08	0.0	1.0	1.0	0.0	1.0
E3_GP44_D4_pp09	0.01107	0.9978	7.795	0.005828	7.316
E3_GP44_D4_pp10	0.08204	0.9845	7.756	0.02953	19.78
E3_GP44_D4_pp11	0.009229	0.998	4.687	0.005318	4.687
E3_GP44_D4_pp12	0.003761	0.999	2.974	0.002709	2.974
E3_GP44_D4_pp13	0.01315	0.9969	9.067	0.006193	8.439
E3_GP44_D4_pp14	0.003426	0.9994	4.134	0.003135	3.302
E3_GP44_D4_pp15	0.008166	0.9982	4.653	0.00779	4.653
E3_GP44_D4_pp16	0.00221	1.0	2.151	0.003303	2.151
E3_GP44_D4_pp17	0.334	0.8628	8.304	0.1547	9.581
E3_GP44_D4_pp18	0.07819	0.9758	7.811	0.03878	7.66
E3_GP44_D4_pp19	0.07472	0.9764	6.091	0.04097	6.091
E3_GP44_D4_pp20	0.07109	0.9788	4.851	0.04561	4.851
E3_GP44_D4_pp21	0.09587	0.9692	9.531	0.03983	9.899
E3_GP44_D4_pp22	0.09156	0.9707	4.938	0.05728	4.938
E3_GP44_D4_pp23	0.07061	0.9774	5.033	0.04461	5.033
E3_GP44_D4_pp24	0.0652	0.9802	4.272	0.04428	4.272
E3_GP46_D3_pp01	0.1067	0.9662	4.682	0.04903	4.536
E3_GP46_D3_pp02	0.1779	0.9434	8.837	0.09311	10.27
E3_GP46_D3_pp03	0.1443	0.9441	9.672	0.1142	8.219
E3_GP46_D3_pp04	0.1495	0.949	7.689	0.06859	9.225
E3_GP46_D3_pp05	0.1152	0.9636	7.747	0.06677	8.103
E3_GP46_D3_pp06	0.1589	0.947	9.135	0.07207	8.526
E3_GP46_D3_pp07	0.2455	0.9165	9.068	0.1151	9.068
E3_GP46_D3_pp08	0.1351	0.9603	9.53	0.06531	9.188
E3_GP46_D3_pp09	0.168	0.9428	8.459	0.07732	8.642
E3_GP46_D3_pp10	0.159	0.955	5.0	0.0765	5
E3_GP46_D3_pp11	0.1843	0.9357	7.172	0.06457	7.172
E3_GP46_D3_pp12	0.1323	0.9562	5.95	0.07551	5.95
E3_GP46_D3_pp13	0.1461	0.9522	6.965	0.07266	6.965
E3_GP46_D3_pp14	0.1576	0.9455	10.87	0.08478	10.87
E3_GP46_D3_pp15	0.1604	0.9462	8.301	0.07392	8.301
E3_GP46_D3_pp16	0.1578	0.9466	6.904	0.08147	6.904
E3_GP46_D3_pp17	0.1411	0.9512	4.918	0.08933	4.918
E3_GP46_D3_pp18	0.1653	0.9441	10.69	0.07308	9.975
E3_GP46_D3_pp19	0.1794	0.9425	9.023	0.08342	9.023
E3_GP46_D3_pp20	0.1208	0.9612	5.0	0.07221	5.0
E3_GP46_D3_pp21	0.1534	0.9468	6.081	0.08447	6.031
E3_GP46_D3_pp22	0.12	0.961	3.0	0.0745	3
E3_GP46_D3_pp23	0.1696	0.9412	6.084	0.09383	6.084
E3_GP46_D3_pp24	0.1424	0.952	6.888	0.0763	6.335
E3_GP46_D4_pp01	0.2001	0.9351	19.11	0.07222	19.11
E3_GP46_D4_pp02	0.1178	0.9643	6.0	0.08837	6.0
E3_GP46_D4_pp03	0.164	0.9421	6.499	0.08387	6.965
E3_GP46_D4_pp04	0.1734	0.9407	8.125	0.08126	8.301
E3_GP46_D4_pp05	0.1351	0.9548	6.256	0.07396	6.256
E3_GP46_D4_pp06	0.1588	0.947	9.337	0.07227	9.191
E3_GP46_D4_pp07	0.2036	0.9329	9.082	0.09541	8.992
E3_GP46_D4_pp08	0.2813	0.8989	8.219	0.1415	8.219
E3_GP46_D4_pp09	0.1727	0.9393	6.256	0.09335	6.256
E3_GP46_D4_pp10	0.139	0.953	4.0	0.0861	4
E3_GP46_D4_pp11	0.2379	0.9152	10.1	0.1152	10.1
E3_GP46_D4_pp12	0.1403	0.952	5.936	0.07794	5.985
E3_GP46_D4_pp13	0.1332	0.9559	9.458	0.07236	9.458
E3_GP46_D4_pp14	0.1471	0.9522	8.0	0.06826	18.2
E3_GP46_D4_pp15	0.09934	0.9705	9.247	0.0535	9.247
E3_GP46_D4_pp16	0.1319	0.9571	6.256	0.07084	6.256
E3_GP46_D4_pp17	0.1622	0.949	10.55	0.06922	10.95
E3_GP46_D4_pp18	0.1514	0.9493	8.674	0.07424	7.961
E3_GP46_D4_pp19	0.1709	0.9467	10.69	0.07092	10.99
E3_GP46_D4_pp20	0.1654	0.9421	3.272	0.1254	4.177
E3_GP46_D4_pp21	0.1758	0.9422	10.08	0.07672	10.31
E3_GP46_D4_pp22	0.151	0.948	3.0	0.0938	3
E3_GP46_D4_pp23	0.1362	0.9533	5.262	0.07983	5.262
E3_GP46_D4_pp24	0.1312	0.9569	6.016	0.07382	6.016
E3_GP48_D3_pp01	0.1475	0.9625	2.306	0.03271	23.4
E3_GP48_D3_pp02	0.09002	0.9732	8.74	0.04333	8.325
E3_GP48_D3_pp03	0.671	0.626	4.0	0.28	4
E3_GP48_D3_pp04	0.1782	0.9475	17.75	0.06176	17.04
E3_GP48_D3_pp05	0.1356	0.9569	7.084	0.07395	6.12
E3_GP48_D3_pp06	0.2394	0.9091	18.45	0.09936	18.45
E3_GP48_D3_pp07	0.2262	0.931	17.71	0.08116	16.89
E3_GP48_D3_pp08	0.1526	0.9561	13.87	0.05833	13.85
E3_GP48_D3_pp09	0.5934	0.7197	17.58	0.2396	13.29
E3_GP48_D3_pp10	0.905	0.467	24.69	0.2821	25.15
E3_GP48_D3_pp11	0.2432	0.9249	15.19	0.08962	15.28
E3_GP48_D3_pp12	0.2044	0.9295	10.2	0.08796	10.28
E3_GP48_D3_pp13	0.1505	0.9559	19.92	0.04974	23.11
E3_GP48_D3_pp14	0.09396	0.9729	14.35	0.03642	13.35
E3_GP48_D3_pp15	0.1068	0.9701	6.545	0.05334	5.525
E3_GP48_D3_pp16	0.1689	0.9515	18.77	0.05917	17.72
E3_GP48_D3_pp17	0.2963	0.8943	13.61	0.1105	15.25
E3_GP48_D3_pp18	0.2357	0.9265	9.724	0.09758	11.28
E3_GP48_D3_pp19	0.1878	0.9437	11.81	0.07608	11.9
E3_GP48_D3_pp20	0.1281	0.9646	15.46	0.04608	14.7
E3_GP48_D3_pp21	0.2545	0.9258	11.0	0.1127	9.503
E3_GP48_D3_pp22	0.1915	0.9418	12.1	0.07701	12.1
E3_GP48_D3_pp23	0.2996	0.9025	15.78	0.1094	16.09
E3_GP48_D3_pp24	0.1561	0.9478	6.988	0.0798	6.988
E3_GP48_D4_pp01	0.038	1.0	1.0	0.015	1
E3_GP48_D4_pp02	0.025	0.997	3.0	0.0128	3
E3_GP48_D4_pp03	0.017	1.0	1.0	0.00866	1
E3_GP48_D4_pp04	0.015	1.0	1.0	0.0107	1
E3_GP48_D4_pp05	0.018	0.999	2.0	0.00998	2
E3_GP48_D4_pp06	0.012	1.0	1.0	0.00758	1
E3_GP48_D4_pp07	0.014	0.998	2.0	0.00993	2
E3_GP48_D4_pp08	0.024	0.999	2.0	0.0114	2
E3_GP48_D4_pp09	0.02321	0.9937	5.043	0.0164	4.218
E3_GP48_D4_pp10	0.009431	1.001	3.297	-0.003971	3.297
E3_GP48_D4_pp11	0.01586	0.9956	5.569	0.01068	4.253
E3_GP48_D4_pp12	0.002153	1.0	2.109	0.003208	2.109
E3_GP48_D4_pp13	0.0	1.0	1.0	0.0	1.0
E3_GP48_D4_pp14	0.004943	0.9989	4.428	0.003624	4.485
E3_GP48_D4_pp15	0.03061	0.9941	11.55	0.0196	11.55
E3_GP48_D4_pp16	0.09824	0.9644	2.0	0.1417	2.0
E3_GP48_D4_pp17	-0.01041	1.005	4.883	-0.02138	4.883
E3_GP48_D4_pp18	0.052	0.991	3.0	0.0228	3
E3_GP48_D4_pp19	0.08845	0.9772	3.221	0.03325	30.63
E3_GP48_D4_pp20	0.07	0.983	6.0	0.0292	6
E3_GP48_D4_pp21	0.1981	0.9294	6.0	0.1117	6.0
E3_GP48_D4_pp22	0.5365	0.6839	7.502	0.2713	7.251
E3_GP48_D4_pp23	-0.001379	1.005	6.114	0.00719	3.55
E3_GP48_D4_pp24	-0.0249	1.012	6.99	-0.001596	4.612
E3_GP48_D8_pp01	0.1331	0.9568	47.45	0.04365	63.82
E3_GP48_D8_pp02	0.118	0.971	3.0	0.0569	3
E3_GP48_D8_pp03	0.1513	0.9542	8.076	0.06393	11.28
E3_GP48_D8_pp04	0.6845	0.6077	15.59	0.2489	15.59
E3_GP48_D8_pp05	0.2414	0.9243	13.48	0.09367	12.99
E3_GP48_D8_pp06	0.1393	0.9579	4.212	0.07938	7.512
E3_GP48_D8_pp07	0.4875	0.7957	20.55	0.1606	20.93
E3_GP48_D8_pp08	0.1245	0.9648	11.0	0.05199	10.93
E3_GP48_D8_pp09	0.192	0.956	7.0	0.0621	7
E3_GP48_D8_pp10	0.1914	0.9439	13.35	0.07165	14.08
E3_GP48_D8_pp11	0.2157	0.934	16.37	0.07751	16.07
E3_GP48_D8_pp12	0.1911	0.9384	12.01	0.07799	12.15
E3_GP48_D8_pp13	0.117	0.9624	29.24	0.04769	14.65
E3_GP48_D8_pp14	0.09838	0.9708	9.668	0.04511	8.685
E3_GP48_D8_pp15	0.07413	0.9781	4.536	0.04993	4.536
E3_GP48_D8_pp16	0.2066	0.9386	18.62	0.07199	17.87
E3_GP48_D8_pp17	0.6936	0.6467	16.34	0.2493	16.19
E3_GP48_D8_pp18	0.1404	0.9581	14.07	0.05009	19.51
E3_GP48_D8_pp19	0.2376	0.9281	14.63	0.08514	15.03
E3_GP48_D8_pp20	0.1501	0.9567	14.07	0.05661	13.74
E3_GP48_D8_pp21	0.1729	0.9525	8.644	0.07273	11.31
E3_GP48_D8_pp22	0.2044	0.9385	13.12	0.0797	13.0
E3_GP48_D8_pp23	0.3156	0.8902	13.1	0.1233	13.1
E3_GP48_D8_pp24	0.924	0.467	11.0	0.303	11
